20 116
0 1
0 19
0 1
0 19
1 0
1 0
1 2
1 18
1 2
1 18
2 1
2 1
2 5
2 5
3 19
3 4
3 5
3 4
3 5
3 19
4 3
4 19
4 3
4 19
5 2
5 3
5 19
5 3
5 18
5 2
5 18
5 19
6 7
6 7
7 6
7 8
7 6
7 10
7 8
7 10
8 7
8 18
8 7
8 9
8 9
8 18
9 8
9 8
9 18
9 18
10 7
10 11
10 17
10 7
10 11
10 17
11 10
11 18
11 12
11 10
11 17
11 12
11 17
11 18
12 11
12 18
12 11
12 18
13 16
13 16
14 15
14 16
14 15
14 16
15 14
15 18
15 14
15 18
16 13
16 14
16 18
16 14
16 13
16 18
17 10
17 11
17 11
17 10
18 1
18 5
18 8
18 9
18 11
18 12
18 15
18 16
18 1
18 19
18 5
18 8
18 11
18 12
18 15
18 16
18 9
18 19
19 0
19 3
19 4
19 5
19 18
19 4
19 3
19 5
19 18
19 0
