48 138
0 14
0 46
0 5
0 42
1 43
1 6
1 19
2 15
2 24
2 47
3 36
3 40
3 4
4 3
4 12
4 10
4 13
5 0
5 43
6 1
6 20
6 30
7 18
7 26
7 28
8 9
8 25
8 45
9 31
9 23
9 8
10 4
10 12
10 13
10 22
11 37
11 38
12 4
12 10
13 4
13 10
14 40
14 44
14 0
15 25
15 2
16 18
16 26
16 17
17 16
17 27
18 19
18 16
18 7
19 1
19 18
19 35
20 6
20 35
20 30
20 34
21 22
21 23
22 10
22 32
22 21
23 21
23 32
23 9
24 25
24 2
24 47
25 8
25 15
25 24
26 7
26 16
26 28
26 27
27 26
27 29
27 17
28 7
28 26
28 29
29 28
29 27
30 6
30 20
30 34
31 32
31 9
32 22
32 23
32 31
33 37
33 38
33 39
33 40
34 20
34 30
34 35
35 19
35 20
35 34
36 37
36 3
37 11
37 33
37 36
38 11
38 33
38 39
39 33
39 38
39 40
40 33
40 3
40 39
40 14
41 45
41 47
42 0
42 46
42 43
43 5
43 42
43 1
44 14
44 46
45 8
45 41
46 44
46 0
46 42
47 2
47 24
47 41
