44 146
0 1
0 3
0 7
0 37
1 0
1 2
1 4
1 8
1 30
2 1
2 3
2 5
2 9
3 0
3 2
3 4
3 6
3 10
4 1
4 3
4 5
4 7
4 11
5 2
5 4
5 6
5 8
5 12
6 3
6 5
6 7
6 13
6 14
7 0
7 4
7 6
7 8
7 15
7 16
8 1
8 5
8 7
8 9
8 17
8 18
9 2
9 8
9 10
9 19
9 20
10 3
10 9
10 11
10 21
10 22
11 4
11 10
11 12
11 23
11 24
12 5
12 11
12 13
12 25
12 26
13 6
13 12
13 14
13 27
13 28
14 6
14 13
14 15
14 29
15 7
15 14
15 16
15 17
16 7
16 15
16 18
17 8
17 15
17 19
18 8
18 16
18 20
19 9
19 17
19 21
20 9
20 18
20 22
21 10
21 19
21 23
22 10
22 20
22 24
23 11
23 21
23 25
24 11
24 22
24 26
25 12
25 23
25 27
26 12
26 24
26 28
27 13
27 25
27 29
28 13
28 26
28 29
29 14
29 27
29 28
29 36
30 1
30 31
30 32
30 41
31 30
31 33
32 30
33 31
33 34
34 33
34 35
35 34
36 29
36 38
37 39
37 0
38 36
38 40
38 42
39 37
40 38
41 30
41 43
42 38
43 41
